01-01-2022 23:59 0.00       51  26         0   0    0.03   179    48 46        100.0  66.0
01-02-2022 23:59 0.00       58  26                  0.06   266    47 45        100.0  44.0
01-03-2022 23:59 0.01       57  26         0   0    0.04   204    47 45        100.0  50.0
01-04-2022 23:59 0.00       54  37 A       0   0    0.05   216    48 46        100.0  57.0
01-05-2022 23:59 0.00       58  35                  0.03   157    49 47        100.0  72.0
01-06-2022 23:59 0.00       61  39                  0.03   146    51 49        100.0  66.0
01-07-2022 23:59 0.03       58  46                  0.02   103    52 50        100.0  75.0
01-08-2022 23:59 0.01       50  38                  0.01    67    52 50        100.0  81.0
01-09-2022 23:59 0.00       64  29                  0.06   270    50 48        100.0  53.0
01-10-2022 23:59 0.00       61  32                  0.05   224    49 47        100.0  54.0
01-11-2022 23:59 0.00       61  30                  0.06   264    49 47        100.0  59.0
01-12-2022 23:59 0.01       64  31                  0.06   252    49 47        100.0  58.0
01-13-2022 23:59 0.00       60  36                  0.05   197 A  50 48        100.0  54.0
01-14-2022 23:59 0.00       54  37 A                0.04   172 A  49 48        100.0 100.0
01-15-2022 23:59 0.01       53  35                  0.02   144    49 48        100.0  92.0
01-16-2022 23:59 0.00       62  40                  0.05   223    51 49
01-17-2022 23:59 0.00       59  37                  0.03   133    51 49        100.0  69.0
01-18-2022 23:59 0.00       65  37                  0.04   272    51 49        100.0  52.0
01-19-2022 23:59 0.00       63  32                  0.06   286    51 43        100.0  56.0
01-20-2022 23:59 0.00       56  37 A                0.07   277    50 45        100.0  57.0
01-21-2022 23:59 0.00       59  34                  0.04   193    50 48        100.0  64.0
01-22-2022 23:59 0.01       61  30                  0.05   233    50 47        100.0  59.0
01-23-2022 23:59 0.00       64  28                  0.07   306    49 47        100.0  46.0
01-24-2022 23:59 0.01       63  28                  0.07   306    49 46        100.0  49.0
01-25-2022 23:59 0.00       62  29                  0.07   310    49 44        100.0  51.0
01-26-2022 23:59 0.00       67  29                  0.07   317    49 37        100.0  41.0
01-27-2022 23:59 0.01       67  29                  0.07   320    49 46        100.0  42.0
01-28-2022 23:59 0.00       67  29                  0.07   285    49 46        100.0  39.0
01-29-2022 23:59 0.01       62  29                  0.05   233    48 46        100.0  43.0
01-30-2022 23:59 0.00       65  28                  0.08   324    48 45        100.0  39.0
01-31-2022 23:59 0.00       58  30                  0.05   237 A  48 46        100.0  60.0
02-01-2022 23:59 0.00       56  26                  0.05   234 A  47 45        100.0  50.0
02-02-2022 23:59 0.00       60  38 A                0.07   330    47 44         99.0  39.0
02-03-2022 23:59 0.00       61  27                  0.07   303    47 44        100.0  40.0
02-04-2022 23:59 0.00       67  27                  0.08   347    48 45         99.0  29.0
02-05-2022 23:59 0.00       65  29                  0.07   301    48 45         99.0  38.0
02-06-2022 23:59 0.00       68  28                  0.08   364    48 45         99.0  34.0
02-07-2022 23:59 0.00       70  28                  0.09   366    49 45         99.0  36.0
02-08-2022 23:59 0.00       72  29                  0.09   367    49 46        100.0  33.0
02-09-2022 23:59 0.01       71  31                  0.08   334    49 46         99.0  40.0
02-10-2022 23:59 0.00       77  33                  0.10   373    50 47         99.0  32.0
02-11-2022 23:59 0.00       75  34                  0.10   374    51 48         99.0  36.0
02-12-2022 23:59 0.00       81  34                  0.11   371    52 48         99.0  30.0
02-13-2022 23:59 0.00       80  35                  0.11   386    53 49         99.0  25.0
02-14-2022 23:59 0.00       76  36                  0.10   352    53 50         99.0  31.0
02-15-2022 23:59 0.00       61  36                  0.11   369    52 50         91.0  30.0
02-16-2022 23:59 0.00       63  29                  0.10   398    51 49         95.0  32.0
02-17-2022 23:59 0.00       69  30                  0.10   403    51 48         98.0  30.0
02-18-2022 23:59 0.00       67  30                  0.09   310 A  51 48         99.0  35.0
02-19-2022 23:59 0.00       73  29                  0.11   410    51 48        100.0  30.0
02-20-2022 23:59 0.00       72  31                  0.10   299    52 49         99.0  31.0
02-21-2022 23:59 0.00       59  33                  0.10   372    51 49         97.0  29.0
02-22-2022 23:59 0.16       64  40 A                0.05   238    51 49         99.0  50.0
02-23-2022 23:59 0.01       53  28                  0.10   411    49 47        100.0  29.0
02-24-2022 23:59 0.00       58  25                  0.10   441    49 46         99.0  26.0
02-25-2022 23:59 0.00       60  24                  0.11   446    49 45         99.0  25.0
02-26-2022 23:59 0.00       66  27                  0.10   371    49 46         99.0  27.0
02-27-2022 23:59 0.00       70  31                  0.12   450    51 47         98.0  23.0
02-28-2022 23:59 0.00       74  40                  0.13   361 A  52 38         98.0  30.0
03-01-2022 23:59 0.00       75  33                  0.13   418    53 49         99.0  32.0
03-02-2022 23:59 0.00       76  38                  0.13   414    54 50         99.0  31.0
03-03-2022 23:59 0.00       71  40                  0.11   334    54 51         96.0  31.0
03-04-2022 23:59 0.01       65  39                  0.08   327 A  54 53         89.0  38.0
03-05-2022 23:59 0.00       56  33                  0.08   334    53 52         92.0  41.0
03-06-2022 23:59 0.00       61  29                  0.12   467    52 49         97.0  35.0
03-07-2022 23:59 0.00       64  27                  0.12   462    52 49         98.0  28.0
03-08-2022 23:59 0.00       69  31                  0.13   478                  97.0  28.0
03-09-2022 23:59 0.00       72  32                  0.14   482                  98.0  23.0
03-10-2022 23:59 0.00       69  33                  0.18   512    53 51         87.0  17.0
03-11-2022 23:59 0.00       72  28                  0.14   510    53 50         90.0  16.0
03-12-2022 23:59 0.00       79  31                  0.15   503    54 50         94.0  14.0
03-13-2022 23:59 0.00       69  46                  0.16   472    55 52         82.0  28.0
03-14-2022 23:59 0.00       75  34                  0.14   507    56 52         98.0  18.0
03-15-2022 23:59 0.02       70  41                  0.08   279    55 53         91.0  57.0
03-16-2022 23:59 0.00       72  45                  0.17   515    56 53         90.0  34.0
03-17-2022 23:59 0.00       75  41                  0.12   417    57 53         92.0  18.0
03-18-2022 23:59 0.00       77  37                  0.15   516    57 53         98.0  30.0
03-19-2022 23:59 0.35       61  46                  0.04   138    56 55         97.0  55.0
03-20-2022 23:59 0.00       70  42                  0.16   531                  95.0  21.0
03-21-2022 23:59 0.00       74  36                  0.15   531    56 52         99.0  28.0
03-22-2022 23:59 0.00       81  40                  0.16   537                  99.0  31.0
03-23-2022 23:59 0.00       85  45                  0.18   535                  99.0  27.0
03-24-2022 23:59 0.00       87  46                  0.18   544    61 56        100.0  29.0
03-25-2022 23:59 0.00       84  45                  0.19   540    61 57         99.0  31.0
03-26-2022 23:59 0.00       84  46                  0.18   526    62 58         97.0  30.0
03-27-2022 23:59 0.00       79  48                  0.18   465    62 46         74.0  25.0
03-28-2022 23:59 0.53       64  45                  0.08   250    61 58         99.0  59.0
03-29-2022 23:59 0.01       68  42                  0.10   471 A  59 56        100.0  55.0
03-30-2022 23:59 0.00       69  44                  0.12   424    62 57        100.0  56.0
03-31-2022 23:59 0.00       70  42                  0.12   500 A  62 58         98.0  47.0
04-01-2022 23:59 0.00       76  41                  0.17   570    65 55         99.0  28.0
04-02-2022 23:59 0.00       79  41                  0.19   551    63 59        100.0  30.0
04-03-2022 23:59 0.00       82  42                  0.22   579    63 58         98.0  17.0
04-04-2022 23:59 0.00       75  44                  0.19   528    61 57         83.0  35.0
04-05-2022 23:59 0.00       73  47                  0.15   581    61 58         91.0  22.0
04-06-2022 23:59 0.00       82  41                  0.18   579    61 57         95.0  32.0
04-07-2022 23:59 0.00       90  45                  0.19   575    63 58         99.0  26.0
04-08-2022 23:59 0.00       92  47                  0.23   591    64 60        100.0  22.0
04-09-2022 23:59 0.00       77  52                  0.25   610    64 61         65.0  15.0
04-10-2022 23:59 0.00       72  46                  0.22   579    62 59         62.0  20.0
04-11-2022 23:59 0.00       62  45                  0.10   463 A  59 58         84.0  33.0
04-12-2022 23:59 0.00       62  43                  0.17   535 A  58 57
04-13-2022 23:59 0.00       66  37                  0.18   618    58 55         85.0  24.0
04-14-2022 23:59 0.00       67  47                  0.13   541 A  60 57         88.0  43.0
04-15-2022 23:59 0.00       75  45 A                0.19   610    61 57         99.0  33.0
04-16-2022 23:59 0.19       70  48                  0.09   497 A  61 59         98.0  53.0
04-17-2022 23:59 0.00       76  41                  0.20   648    61 58         96.0  27.0
04-18-2022 23:59 0.00       74  42                  0.17   510    61 58         83.0  32.0
04-19-2022 23:59 0.00       70  45                  0.12   410    61 59         98.0  45.0
04-20-2022 23:59 0.00       75  46                  0.20   647    62 58         87.0  25.0
04-21-2022 23:59 0.32       61  49                  0.04   542 A  61 59         93.0  71.0
04-22-2022 23:59 0.13       67  46                  0.17   583    60 58         97.0  40.0
04-23-2022 23:59 0.00       74  41                  0.20   657    61 57         97.0  33.0
04-24-2022 23:59 0.00       81  40                  0.21   654    62 49         99.0  21.0
04-25-2022 23:59 0.00       85  58                  0.22   575 A                99.0  18.0
04-26-2022 23:59 0.00       77  47                  0.21   557                  75.0  33.0
04-27-2022 23:59 0.00       78  40                  0.21   622    62 59         99.0  20.0
04-28-2022 23:59 0.00       71  43                  0.22   672    62 59         79.0  30.0
04-29-2022 23:59 0.00       77  46                  0.22   673    63 59         88.0  24.0
04-30-2022 23:59 0.00       82  40                  0.24   662                  99.0  31.0
05-01-2022 23:59 0.00       78  42                  0.23   680                  94.0  28.0
05-02-2022 23:59 0.00       77  42                  0.23   671                  99.0  32.0
05-03-2022 23:59 0.00       79  48                  0.24   695                  87.0  21.0
05-04-2022 23:59 0.00       89  43                  0.23   688                  94.0  18.0
05-05-2022 23:59 0.00       84  47                  0.25   614                  97.0  26.0
05-06-2022 23:59 0.00       82  56                  0.24   592 A  65 62         87.0  38.0
05-07-2022 23:59 0.00       75  53                  0.24   689    65 63         85.0  33.0
05-08-2022 23:59 0.00       68  44                  0.22   645                  77.0  30.0
05-09-2022 23:59 0.00       66  38                  0.17   613 A  62 60         85.0  30.0
05-10-2022 23:59 0.00       66  39                  0.21   620 A  62 59         85.0  27.0
05-11-2022 23:59 0.00       70  37                  0.23   710    62 59         93.0  28.0
05-12-2022 23:59 0.00       75  39                  0.23   668    63 59         93.0  18.0
05-13-2022 23:59 0.00       83  49                  0.26   700    64 57         81.0  32.0
05-14-2022 23:59 0.00       88  53                  0.26   700    68 62         87.0  28.0
05-15-2022 23:59 0.00       91  52                  0.27   674    69 61         95.0  30.0
05-16-2022 23:59 0.00       83  54                  0.27   713    69 66         73.0  31.0
05-17-2022 23:59 0.00       86  47                  0.26   707    68 65         88.0  28.0
05-18-2022 23:59 0.00       91  51                  0.27   708                  80.0  24.0
05-19-2022 23:59 0.00       91  62                  0.31   699                  69.0  25.0
05-20-2022 23:59 0.00       85  53 A                0.28   726                  93.0  19.0
05-21-2022 23:59 0.00       85  42                  0.25   728                  98.0  18.0
05-22-2022 23:59 0.00       89  46                  0.27   711                  95.0  18.0
05-23-2022 23:59 0.00       89  57                  0.29   709                  68.0  23.0
05-24-2022 23:59 0.00       94  51                  0.27   713                  92.0  23.0
05-25-2022 23:59 0.00      100  54                  0.27   709                  93.0  15.0
05-26-2022 23:59 0.00       93  56                  0.26   645                  95.0  29.0
05-27-2022 23:59 0.00       82  55                  0.22   596    73 70         87.0  40.0
05-28-2022 23:59 0.00       81  59                  0.25   649    72 70         77.0  38.0
05-29-2022 23:59 0.00       78  54                  0.27   723    71 69         88.0  21.0
05-30-2022 23:59 0.00       81  54                  0.28   735    71 68         73.0  21.0
05-31-2022 23:59 0.00       87  47                  0.27   735    71 68         74.0  17.0
06-01-2022 23:59 0.00       92  50                  0.27   730    72 62         87.0  17.0
06-02-2022 23:59 0.00       92  52                  0.28   651                  83.0  21.0
06-03-2022 23:59 0.00       88  61                  0.26   630    70 68         72.0  36.0
06-04-2022 23:59 0.00       82  60                  0.18   459                  73.0  34.0
06-05-2022 23:59 0.00       87  59                  0.20   533                  76.0  44.0
06-06-2022 23:59 0.00       87  62                  0.28   739    72 70         84.0  20.0
06-07-2022 23:59 0.00       93  54                  0.29   725    73 70         81.0  22.0
06-08-2022 23:59 0.00       92  49                  0.27   669    74 57         89.0  39.0
06-09-2022 23:59 0.00       94  56                  0.27   676                  88.0  32.0
06-10-2022 23:59 0.00      100  59                  0.29   673 A                91.0  24.0
06-11-2022 23:59 0.00       98  64                  0.31   739                  71.0  21.0
06-12-2022 23:59 0.00       91  61                  0.24   677 A  77 56         90.0  41.0
06-13-2022 23:59 0.00       83  57                  0.29   752    76 73         76.0  19.0
06-14-2022 23:59 0.00       89  50                  0.28   746    74 71         78.0  17.0
06-15-2022 23:59 0.00       96  52                  0.29   747    75 71         77.0  17.0
06-16-2022 23:59 0.00       90  57                  0.29   728    75 71         52.0  25.0
06-17-2022 23:59 0.00       76  55                  0.23   662                  69.0  31.0
06-18-2022 23:59 0.00       79  50                  0.25   740                  88.0  26.0
06-19-2022 23:59 0.00       85  46                  0.27   743                  90.0  24.0
06-20-2022 23:59 0.00       92  51                  0.26   731    75 71         87.0  20.0
06-21-2022 23:59 0.00       99  50                  0.29   739                  95.0  20.0
06-22-2022 23:59 0.00       98  54                  0.22   697 A                93.0  22.0
06-23-2022 23:59 0.05      101  64                  0.31   682                  87.0  20.0
06-24-2022 23:59 0.00      103  61                  0.31   697                  73.0  15.0
06-25-2022 23:59 0.00      102  60                  0.31   710                  77.0  15.0
06-26-2022 23:59 0.00      101  59                  0.32   725                  65.0  15.0
06-27-2022 23:59 0.00      102  58                  0.33   734                  72.0  14.0
06-28-2022 23:59 0.00       95  60 A                0.35   720    79 65         39.0  13.0
06-29-2022 23:59 0.00       99  58                  0.30   687    73 70         64.0  14.0
06-30-2022 23:59 0.00       93  56                  0.28   753    73 71         82.0  21.0
07-01-2022 23:59 0.00       93  53                  0.28   743    74 71         90.0  20.0
07-02-2022 23:59 0.00       88  54                  0.28   721    73 71         81.0  24.0
07-03-2022 23:59 0.00       82  54                  0.26   695    73 71         84.0  31.0
07-04-2022 23:59 0.00       88  54                  0.26   682    74 71         79.0  33.0
07-05-2022 23:59 0.00       90  63                  0.26   662    76 72         85.0  37.0
07-06-2022 23:59 0.00       86  62                  0.27   698    76 73         81.0  41.0
07-07-2022 23:59 0.00       89  60                  0.25   627    80 65         81.0  35.0
07-08-2022 23:59 0.00       95  58                  0.29   723    74 71         89.0  31.0
07-09-2022 23:59 0.00       92  63                  0.30   719    74 72         68.0  29.0
07-10-2022 23:59 0.00       96  57                  0.28   727    75 72
07-11-2022 23:59 0.00      101  60                  0.28   708    76 72         96.0  18.0
07-12-2022 23:59 0.00       97  63 A                0.28   674 A
07-13-2022 23:59 0.00       93  60                  0.28   704    76 73         82.0  31.0
07-14-2022 23:59 0.00       99  58                  0.30   714    77 74         92.0  21.0
07-15-2022 23:59 0.00       97  60                  0.29   687    77 74         74.0  25.0
07-16-2022 23:59 0.00      102  60                  0.29   695    78 75         88.0  21.0
07-17-2022 23:59 0.00      103  63                  0.30   679    79 76         87.0  21.0
07-18-2022 23:59 0.00      103  63                  0.26   603    80 76         80.0  16.0
07-19-2022 23:59 0.00      101  67                  0.32   673    80 77         59.0  18.0
07-20-2022 23:59 0.00      101  62                  0.31   701    79 77         58.0  16.0
07-21-2022 23:59 0.00      100  57                  0.31   708    79 76         73.0  17.0
07-22-2022 23:59 0.00       99  60                  0.32   710    79 76         59.0  16.0
07-23-2022 23:59 0.00       97  54                  0.29   722    79 75         78.0  15.0
07-24-2022 23:59 0.00       99  55                  0.27   699    79 75         95.0  19.0
07-25-2022 23:59 0.00       96  60                  0.28   682    79 76         87.0  23.0
07-26-2022 23:59 0.00       96  63                  0.28   664    79 77         68.0  25.0
07-27-2022 23:59 0.00       95  60                  0.27   631    79 76         72.0  26.0
07-28-2022 23:59 0.00       97  61                  0.24   585    78 67         67.0  26.0
07-29-2022 23:59 0.00       98  64                  0.26   657    75 72         76.0  31.0
07-30-2022 23:59 0.00       98  68                  0.26   645    76 73         74.0  33.0
07-31-2022 23:59 0.00       95  69                  0.23   649 A  77 75         73.0  33.0
08-01-2022 23:59 0.00       92  70                  0.19   423    77 75         68.0  36.0
08-02-2022 23:59 0.00       99  65                  0.26   623    78 75         90.0  30.0
08-03-2022 23:59 0.00      100  69                  0.29   646    78 76         59.0  27.0
08-04-2022 23:59 0.00      101  68                  0.28   617    79 76         77.0  26.0
08-05-2022 23:59 0.00       88  69                  0.14   652 A  79 77         71.0  42.0
08-06-2022 23:59 0.00       92  62                  0.24   648    79 76         87.0  39.0
08-07-2022 23:59 0.00       94  56                  0.25   654    78 75         92.0  31.0
08-08-2022 23:59 0.00       93  62                  0.25   611    78 75         72.0  31.0
08-09-2022 23:59 0.00       93  67                  0.25   635 A  78 76         71.0  30.0
08-10-2022 23:59 0.00       92  62                  0.24   649    78 75         76.0  29.0
08-11-2022 23:59 0.00       95  58                  0.26   662    79 75         76.0  28.0
08-12-2022 23:59 0.00       95  54                  0.26   626 A  78 75         91.0  25.0
08-13-2022 23:59 0.00       97  53                  0.26   669    78 75         93.0  19.0
08-14-2022 23:59 0.00       98  51                  0.26   678    78 75         94.0  17.0
08-15-2022 23:59 0.00      100  51                  0.25   667    78 74         99.0  14.0
08-16-2022 23:59 0.00      103  55                  0.25   641    79 75         97.0  17.0
08-17-2022 23:59 0.00      101  65                  0.23   626 A  79 76         81.0  23.0
08-18-2022 23:59 0.00      101  60                  0.26   624    80 76         80.0  26.0
08-19-2022 23:59 0.00      101  55                  0.25   638    80 76         83.0  24.0
08-20-2022 23:59 0.00      103  52                  0.24   646    80 76         98.0  18.0
08-21-2022 23:59 0.00       99  56                  0.24   620    80 76         98.0  28.0
08-22-2022 23:59 0.00       96  55                  0.24   623    79 76         95.0  29.0
08-23-2022 23:59 0.00       99  55                  0.23   611 A  80 76         99.0  26.0
08-24-2022 23:59 0.00      104  57                  0.24   608    80 76         99.0  23.0
08-25-2022 23:59 0.00       99  57                  0.23   611    80 76
08-26-2022 23:59 0.00       98  55                  0.23   606    80 76         92.0  25.0
08-27-2022 23:59 0.00       98  56                  0.23   599    79 76         97.0  21.0
08-28-2022 23:59 0.00       93  54                  0.22   589    79 76         95.0  27.0
08-29-2022 23:59 0.00       96  57                  0.22   573    79 75         87.0  25.0
08-30-2022 23:59 0.00       99  58                  0.22   584    79 75         85.0  27.0
08-31-2022 23:59 0.00       98  56                  0.22   586    79 75         89.0  27.0
09-01-2022 23:59 0.00      103  54                  0.23   576    78 75         95.0  22.0
09-02-2022 23:59 0.00      104  58                  0.25   570    79 75         94.0  20.0
09-03-2022 23:59 0.00      103  69                  0.26   570    79 75         81.0  17.0
09-04-2022 23:59 0.00      104  58                  0.22   559    79 75         95.0  23.0
09-05-2022 23:59 0.00      107  61                  0.21   540    80 76         94.0  23.0
09-06-2022 23:59 0.00      112  64                  0.22   539    81 77         95.0  23.0
09-07-2022 23:59 0.00      107  64                  0.24   533    81 78         96.0  21.0
09-08-2022 23:59 0.00      104  62                  0.21   516    81 77
09-09-2022 23:59 0.00      105  65                  0.20   505    81 77         69.0  23.0
09-10-2022 23:59 0.00       90  66                  0.10   231    80 78         75.0  37.0
09-11-2022 23:59 0.00       93  69                  0.17   412    79 77         72.0  20.0
09-12-2022 23:59 0.00       96  62                  0.20   471    78 76         63.0  20.0
09-13-2022 23:59 0.00       86  59                  0.17   457    79 69         75.0  31.0
09-14-2022 23:59 0.00       82  58                  0.18   523    76 72         82.0  34.0
09-15-2022 23:59 0.00       82  55                  0.17   512    74 71         85.0  37.0
09-16-2022 23:59 0.00       85  49                  0.17   514    73 69         97.0  31.0
09-17-2022 23:59 0.00       85  47                  0.17   517    71 68         99.0  30.0
09-18-2022 23:59 0.18       77  54                  0.07   214    70 68         96.0  43.0
09-19-2022 23:59 0.27       75  61                  0.07   251    71 68         98.0  62.0
09-20-2022 23:59 0.01       81  59                  0.13   446    71 69        100.0  43.0
09-21-2022 23:59 0.00       81  55                  0.15   476    71 68         99.0  41.0
09-22-2022 23:59 0.00       84  52                  0.17   521    70 68         96.0  37.0
09-23-2022 23:59 0.00       91  48                  0.17   521    69 67        100.0  29.0
09-24-2022 23:59 0.00       95  49                  0.17   509    70 67        100.0  21.0
09-25-2022 23:59 0.00       96  53                  0.17   487    70 68         99.0  28.0
09-26-2022 23:59 0.00       96  56                  0.18   488    71 68         96.0  30.0
09-27-2022 23:59 0.00       92  55                  0.18   494    70 69         79.0  30.0
09-28-2022 23:59 0.00       92  50                  0.18   492    70 68         94.0  20.0
09-29-2022 23:59 0.00       88  54                  0.17   483    70 68         96.0  35.0
09-30-2022 23:59 0.00       91  49                  0.16   487    69 67        100.0  25.0
10-01-2022 23:59 0.00       91  48                  0.16   477    69 66        100.0  30.0
10-02-2022 23:59 0.00       84  53                  0.15   472    68 67         97.0  41.0
10-03-2022 23:59 0.00       87  48                  0.15   470    68 66         98.0  38.0
10-04-2022 23:59 0.00       88  50                  0.16   461    68 60        100.0  32.0
10-05-2022 23:59 0.00       92  49                  0.15   464    68 66        100.0  30.0
10-06-2022 23:59 0.00       94  48                  0.15   452    68 65        100.0  25.0
10-07-2022 23:59 0.00       93  49                  0.15   450    67 65        100.0  27.0
10-08-2022 23:59 0.00       93  49                  0.15   439    67 65        100.0  28.0
10-09-2022 23:59 0.00       92  49                  0.15   437    67 65        100.0  30.0
10-10-2022 23:59 0.00       92  48                  0.16   436    67 65         99.0  27.0
10-11-2022 23:59 0.00       92  47                  0.15   435    67 65         99.0  21.0
10-12-2022 23:59 0.00       88  49                  0.14   423    66 65         98.0  30.0
10-13-2022 23:59 0.00       85  47                  0.13   413    66 64         99.0  36.0
10-14-2022 23:59 0.00       88  44                  0.12   389    66 63        100.0  28.0
10-15-2022 23:59 0.00       83  47                  0.12   326    66 63         99.0  38.0
10-16-2022 23:59 0.00       76  49                  0.11   362    66 64         99.0  49.0
10-17-2022 23:59 0.00       82  49                  0.12   401    66 64         98.0  42.0
10-18-2022 23:59 0.00       80  47 A                0.11   357    65 62         99.0  38.0
10-19-2022 23:59 0.00       88  47                  0.13   386    64 62         99.0  27.0
10-20-2022 23:59 0.00       87  48                  0.10   318    64 62         98.0  32.0
10-21-2022 23:59 0.00       90  47                  0.12   385    64 62         99.0  22.0
10-22-2022 23:59 0.00       74  46                  0.09   348 A  64 62         88.0  41.0
10-23-2022 23:59 0.00       70  40                  0.14   387    63 60         84.0  22.0
10-24-2022 23:59 0.00       74  35                  0.10   366    60 58         94.0  24.0
10-25-2022 23:59 0.00       76  39                  0.11   352    60 58         97.0  23.0
10-26-2022 23:59 0.00       71  41                  0.11   303 A  59 58        100.0  33.0
10-27-2022 23:59 0.00       73  35                  0.10   383    59 56         99.0  22.0
10-28-2022 23:59 0.00       76  37                  0.10   314    58 56         99.0  25.0
10-29-2022 23:59 0.00       75  38                  0.10   360    58 56         96.0  29.0
10-30-2022 23:59 0.00       76  37                  0.10   367    58 56         99.0  28.0
10-31-2022 23:59 0.00       72  39                  0.05   197    58 56         99.0  39.0
11-01-2022 23:59 0.31       68  41                  0.05   200    58 56        100.0  53.0
11-02-2022 23:59 0.04       61  39                  0.06   250    57 55        100.0  50.0
11-03-2022 23:59 0.01       59  36                  0.09   349    56 55        100.0  41.0
11-04-2022 23:59 0.00       63  34                  0.07   293    55 53        100.0  40.0
11-05-2022 23:59 0.00       66  35                  0.06   296 A  56 53        100.0  46.0
11-06-2022 23:59 0.01       65  47                  0.03   129    57 56         91.0  62.0
11-07-2022 23:59 0.30       59  47                  0.04   205    57 56         97.0  59.0
11-08-2022 23:59 0.42       57  40                  0.03   103    56 55         99.0  65.0
11-09-2022 23:59 0.03       61  36                  0.04   171    55 54        100.0  53.0
11-10-2022 23:59 0.01       59  31                  0.05   221    54 53        100.0  47.0
11-11-2022 23:59 0.00       60  30                  0.04   185    53 51        100.0  53.0
11-12-2022 23:59 0.00       61  31                  0.05   195    53 51        100.0  52.0
11-13-2022 23:59 0.01       60  34                  0.05   230    52 51        100.0  47.0
11-14-2022 23:59 0.00       62  30                  0.06   231    52 50        100.0  49.0
11-15-2022 23:59 0.00       64  29                  0.06   229    51 50        100.0  42.0
11-16-2022 23:59 0.00       66  29                  0.06   227    51 49        100.0  27.0
11-17-2022 23:59 0.00       66  29                  0.05   195    51 49        100.0  38.0
11-18-2022 23:59 0.00       64  29                  0.05   214    51 49        100.0  37.0
11-19-2022 23:59 0.00       65  29                  0.06   236    50 48        100.0  40.0
11-20-2022 23:59 0.00       66  27                  0.06   231    50 48        100.0  32.0
11-21-2022 23:59 0.00       64  26                  0.05   218    50 48        100.0  33.0
11-22-2022 23:59 0.00       65  27                  0.05   212    49 47        100.0  38.0
11-23-2022 23:59 0.00       64  29                  0.05   210    49 48        100.0  39.0
11-24-2022 23:59 0.00       70  29                  0.05   215    50 47        100.0  34.0
11-25-2022 23:59 0.00       72  30                  0.06   238    50 48        100.0  25.0
11-26-2022 23:59 0.00       68  30                  0.06   217    50 48        100.0  28.0
11-27-2022 23:59 0.00       67  29                  0.06   224    49 47        100.0  35.0
11-28-2022 23:59 0.00       62  29                  0.06   222    49 47        100.0  44.0
11-29-2022 23:59 0.00       58  28                  0.05   242    49 47         99.0  49.0
11-30-2022 23:59 0.00       64  26                  0.05   221    48 46         99.0  43.0
12-01-2022 23:59 0.86       53  35                  0.01    32    49 48        100.0  64.0
12-02-2022 23:59 0.01       53  28                  0.05   247    49 47        100.0  66.0
12-03-2022 23:59 0.73       61  42                  0.02    93    51 48         99.0  81.0
12-04-2022 23:59 0.61       61  44                  0.05   196    53 51        100.0  61.0
12-05-2022 23:59 0.00       62  37                  0.06   256    52 51        100.0  54.0
12-06-2022 23:59 0.01       60  35                  0.05   210    51 50        100.0  56.0
12-07-2022 23:59 0.01       55  33                  0.03   165    51 49        100.0  74.0
12-08-2022 23:59 0.00       56  30                  0.03   165    50 48        100.0  69.0
12-09-2022 23:59 0.01       60  46                  0.05   205    51 49         92.0  54.0
12-10-2022 23:59 1.26       61  48                  0.04    60    52 50         98.0  61.0
12-11-2022 23:59 0.50       54  42                  0.05   210    52 51         98.0  59.0
12-12-2022 23:59 0.07       54  34                  0.06   248    51 50         99.0  56.0
12-13-2022 23:59 0.01       54  28                  0.05   253    50 48        100.0  57.0
12-14-2022 23:59 0.00       55  29                  0.05   242    48 46        100.0  58.0
12-15-2022 23:59 0.00       54  29                  0.04   212    47 46        100.0  63.0
12-16-2022 23:59 0.00       55  27                  0.05   238    47 45        100.0  66.0
12-17-2022 23:59 0.01       53  27                  0.03   183    46 45        100.0  73.0
12-18-2022 23:59 0.00       40  38                  0.00    29    47 46        100.0  94.0
12-19-2022 23:59 0.00       42  37                  0.01    73    47 46         96.0  83.0
12-20-2022 23:59 0.00       53  35                  0.04   193    47 46        100.0  65.0
12-21-2022 23:59 0.00       44  37                  0.00    42    47 46        100.0  88.0
12-22-2022 23:59 0.00       46  38                  0.02   113    47 47         98.0  77.0
12-23-2022 23:59 0.00       53  31                  0.04   215    48 46        100.0  73.0
12-24-2022 23:59 0.01       44  36                  0.01    71    48 47        100.0 100.0
12-25-2022 23:59 0.00       45  40                  0.01    79    49 48        100.0 100.0
12-26-2022 23:59 0.08       49  40                  0.01    92    49 48        100.0  88.0
12-27-2022 23:59 1.15       55  43                  0.00    19    51 49        100.0  91.0
12-28-2022 23:59 0.01       57  35                  0.05   235    51 48        100.0  64.0
12-29-2022 23:59 0.30       52  45                  0.01    65    50 49         99.0  86.0
12-30-2022 23:59 0.56       58  49                  0.00    49    52 50        100.0  96.0
12-31-2022 23:59 0.06    A  59  47                  0.00    21    55 52        100.0  90.0
