01-01-2021 23:59 0.01       59  33         0   0    0.05   226                 100.0  55.0
01-02-2021 23:59 0.00       63  34         0   0    0.04   159                 100.0  49.0
01-03-2021 23:59 0.00       63  37         0   0    0.04   202                 100.0  61.0
01-04-2021 23:59 0.02       61  38         0   0    0.02    79                 100.0  56.0
01-05-2021 23:59 0.01       62  35         0   0    0.05   194 A               100.0  55.0
01-06-2021 23:59 0.01       61  33         0   0    0.04   197                 100.0  61.0
01-07-2021 23:59 0.01       47  32         0   0    0.00    64                 100.0  97.0
01-08-2021 23:59 0.00       54  36         0   0    0.03   160                 100.0  84.0
01-09-2021 23:59 0.00       52  33         0   0    0.01    87    50 48        100.0  81.0
01-10-2021 23:59 0.00       59  29         0   0    0.05   170 A               100.0  63.0
01-11-2021 23:59 0.00       61  35         0   0    0.04   199                 100.0  59.0
01-12-2021 23:59 0.00       59  33         0   0    0.02   113                 100.0  65.0
01-13-2021 23:59 0.00       66  36         0   0    0.06   266                 100.0  55.0
01-14-2021 23:59 0.00       67  38         0   0    0.06   266                 100.0  53.0
01-15-2021 23:59 0.01       70  35         0   0    0.07   290    50 48        100.0  49.0
01-16-2021 23:59 0.00       67  37         0   0    0.06   250    51 43        100.0  59.0
01-17-2021 23:59 0.00       71  36         0   0    0.07   276                 100.0  47.0
01-18-2021 23:59 0.00       73  35         0   0    0.07   305    50 49        100.0  30.0
01-19-2021 23:59 0.00       73  37         0   0    0.10   304    50 48        100.0  10.0
01-20-2021 23:59 0.00       69  26         0   0    0.07   321    49 44        100.0  20.0
01-21-2021 23:59 0.00       69  27         0   0    0.07   309    48 33        100.0  25.0
01-22-2021 23:59 0.15       56  37 A       0   0    0.02   115    48 47        100.0  69.0
01-23-2021 23:59 0.04       57  36         0   0    0.05   257    49 48        100.0  62.0
01-24-2021 23:59 0.14       58  32         0   0    0.04   202    48 47        100.0  57.0
01-25-2021 23:59 0.02       53  30         0   0    0.04   205 A  48 48        100.0  46.0
01-26-2021 23:59 0.13       54  23         0   0    0.07   301    48 45        100.0  44.0
01-27-2021 23:59 0.09    A  51  41         0   0    0.01    22    47 46        100.0  79.0
01-28-2021 23:59 0.05    A  51  45         0   0    0.00    37    48 47        100.0  97.0
01-29-2021 23:59 0.19       57  36         0   0    0.04   201    49 48        100.0  62.0
01-30-2021 23:59 0.00       62  34         0   0    0.08   333    48 38        100.0  43.0
01-31-2021 23:59 0.00       67  38         0   0    0.07   280    49 45        100.0  40.0
02-01-2021 23:59 0.00       76  41         0   0    0.09   288    51 49        100.0  27.0
02-02-2021 23:59 0.00       65  36         0   0    0.05   242 A               100.0  44.0
02-03-2021 23:59 0.00       60  40         0   0    0.09   377                 100.0  43.0
02-04-2021 23:59 0.00       60  34         0   0    0.07   345                 100.0  53.0
02-05-2021 23:59 0.00       65  31         0   0    0.08   374                 100.0  41.0
02-06-2021 23:59 0.00       67  31         0   0    0.08   374                 100.0  46.0
02-07-2021 23:59 0.00       68  33         0   0    0.08   367    49 35        100.0  45.0
02-08-2021 23:59 0.00       67  33         0   0    0.06   270    49 47        100.0  46.0
02-09-2021 23:59 0.00       64  45         0   0    0.04   167    51 47        100.0  60.0
02-10-2021 23:59 0.00       67  40         0   0    0.09   384                 100.0  45.0
02-11-2021 23:59 0.24       63  39         0   0    0.04   178    51 49        100.0  62.0
02-12-2021 23:59 0.14       63  42         0   0    0.09   392                 100.0  52.0
02-13-2021 23:59 0.01       65  40         0   0    0.07   287                 100.0  50.0
02-14-2021 23:59 0.00       60  42         0   0    0.08   283    51 50         91.0  46.0
02-15-2021 23:59 0.04       60  47         0   0    0.03   151    52 51        100.0  78.0
02-16-2021 23:59 0.00       62  38         0   0    0.10   253 A                98.0  47.0
02-17-2021 23:59 0.00       64  33         0   0    0.12   434    51 49        100.0  27.0
02-18-2021 23:59 0.00       63  41 A       0   0    0.10   310 A  50 48        100.0  34.0
02-19-2021 23:59 0.00       71  33         0   0    0.09   369                 100.0  28.0
02-20-2021 23:59 0.02       60  37         0   0    0.10   392    51 50        100.0  42.0
02-21-2021 23:59 0.00       64  30         0   0    0.10   433    51 48        100.0  46.0
02-22-2021 23:59 0.00       71  32         0   0    0.11   443    51 46        100.0  32.0
02-23-2021 23:59 0.00       70  34         0   0    0.09   371    51 44        100.0  40.0
02-24-2021 23:59 0.00       68  31         0   0    0.14   337 A  51 48        100.0  20.0
02-25-2021 23:59 0.00       67  33         0   0    0.12   450    51 48         99.0  28.0
02-26-2021 23:59 0.00       68  30         0   0    0.12   465    51 48        100.0  28.0
02-27-2021 23:59 0.00       65  35         0   0    0.16   475    50 49         82.0  20.0
02-28-2021 23:59 0.00       69  28         0   0    0.13   469    50 47        100.0  23.0
03-01-2021 23:59 0.00       74  31         0   0    0.15   485    51 47        100.0  14.0
03-02-2021 23:59 0.00       74  31         0   0    0.12   437    51 48        100.0  13.0
03-03-2021 23:59 0.00       67  37         0   0    0.07   340 A  51 49         98.0  34.0
03-04-2021 23:59 0.00       70  32         0   0    0.12   484    51 48        100.0  30.0
03-05-2021 23:59 0.00       75  31         0   0    0.13   490    52 48        100.0  27.0
03-06-2021 23:59 0.00       66  38         0   0    0.14   493    53 50         94.0  34.0
03-07-2021 23:59 0.00       68  36         0   0    0.14   486    52 50         96.0  27.0
03-08-2021 23:59 0.00       62  33         0   0    0.12   455    52 49        100.0  34.0
03-09-2021 23:59 0.05       62  34         0   0    0.10   399    52 49        100.0  40.0
03-10-2021 23:59 0.54       53  42         0   0    0.05   236    51 50         99.0  71.0
03-11-2021 23:59 0.00       59  36         0   0    0.08   326    51 43        100.0  52.0
03-12-2021 23:59 0.00       64  36         0   0    0.13   525                 100.0  47.0
03-13-2021 23:59 0.00       67  32         0   0    0.14   530    52 49        100.0  41.0
03-14-2021 23:59 0.11       62  34         0   0    0.10   380                 100.0  52.0
03-15-2021 23:59 0.55       52  35         0   0    0.06   304    52 50         99.0  69.0
03-16-2021 23:59 0.00       60  33         0   0    0.12   495                 100.0  51.0
03-17-2021 23:59 0.00       64  32         0   0    0.10   392                 100.0  47.0
03-18-2021 23:59 0.05       70  45         0   0    0.09   458 A               100.0  43.0
03-19-2021 23:59 0.09       61  49         0   0    0.03   174    54 53         99.0  82.0
03-20-2021 23:59 0.00       63  38         0   0    0.15   578                  96.0  36.0
03-21-2021 23:59 0.00       67  35         0   0    0.15   575                 100.0  32.0
03-22-2021 23:59 0.00       67  34         0   0    0.14   499                 100.0  38.0
03-23-2021 23:59 0.00       69  39         0   0    0.21   593                  94.0  17.0
03-24-2021 23:59 0.00       68  30         0   0    0.15   560                  98.0  22.0
03-25-2021 23:59 0.00       67  36         0   0    0.14   509                 100.0  43.0
03-26-2021 23:59 0.00       72  35         0   0    0.16   599                 100.0  24.0
03-27-2021 23:59 0.00       77  36         0   0    0.18   600                 100.0  23.0
03-28-2021 23:59 0.00       83  38         0   0    0.18   607                 100.0  24.0
03-29-2021 23:59 0.00       78  38         0   0    0.20   607    56 49        100.0  28.0
03-30-2021 23:59 0.00       74  38         0   0    0.18   615                  98.0  25.0
03-31-2021 23:59 0.00       84  39         0   0    0.19   620                 100.0  19.0
04-01-2021 23:59 0.00       88  39         0   0    0.19   627                 100.0  14.0
04-02-2021 23:59 0.00       87  39         0   0    0.19   623    59 54        100.0  20.0
04-03-2021 23:59 0.00       76  46         0   0    0.19   599    59 55         92.0  38.0
04-04-2021 23:59 0.00       74  46         0   0    0.16   560    59 56         98.0  40.0
04-05-2021 23:59 0.00       71  45         0   0    0.18   611    59 52         91.0  37.0
04-06-2021 23:59 0.00       77  38         0   0    0.18   639    59 55        100.0  31.0
04-07-2021 23:59 0.03    A  74  44 A                       489 A
04-08-2021 23:59 0.03    A  73  44 A                       505 A
04-09-2021 23:59 0.01    A  74  44 A                       517 A
04-10-2021 23:59 0.04    A  74  45 A                       539 A
04-11-2021 23:59 0.04    A  75  46 A                       463 A
04-12-2021 23:59 0.04    A  75  44 A                       535 A
04-13-2021 23:59 0.00       75  43         0   0    0.21   531 A  59 56        100.0  28.0
04-14-2021 23:59 0.00       72  37         0   0    0.19   648    58 55        100.0  31.0
04-15-2021 23:59 0.00       78  39         0   0    0.21   667    59 55         99.0  19.0
04-16-2021 23:59 0.00       79  40         0   0    0.22   662    59 55         97.0  25.0
04-17-2021 23:59 0.00       82  42         0   0    0.22   670    59 51         93.0  21.0
04-18-2021 23:59 0.00       74  45 A       0   0    0.23   696                  99.0  12.0
04-19-2021 23:59 0.00       87  42         0   0    0.24   681                  96.0  20.0
04-20-2021 23:59 0.00       81  41         0   0    0.21   637                  99.0  26.0
04-21-2021 23:59 0.00       77  43         0   0    0.20   656                  99.0  32.0
04-22-2021 23:59 0.00       81  42         0   0    0.21   673                 100.0  27.0
04-23-2021 23:59 0.00       78  43         0   0    0.20   673                  99.0  29.0
04-24-2021 23:59 0.00       75  47         0   0    0.20   578    59 55         84.0  25.0
04-25-2021 23:59 0.00       66  53         0   0    0.10   324    58 58         87.0  51.0
04-26-2021 23:59 0.00       79  47 A       0   0    0.22   700                  89.0  25.0
04-27-2021 23:59 0.00       76  40         0   0    0.22   717                  93.0  26.0
04-28-2021 23:59 0.00       82  40         0   0    0.23   722    59 56         97.0  20.0
04-29-2021 23:59 0.00       90  43         0   0    0.24   707    59 56         98.0  20.0
04-30-2021 23:59 0.00       91  47         0   0    0.25   688    60 56         99.0  21.0
05-01-2021 23:59 0.00       83  45         0   0    0.24   715    60 58         89.0  29.0
05-02-2021 23:59 0.00       82  48         0   0    0.26   703    60 58         88.0  22.0
05-03-2021 23:59 0.00       85  53         0   0    0.26   717    60 59         80.0  21.0
05-04-2021 23:59 0.00       89  45         0   0    0.24   713    60 58         98.0  25.0
05-05-2021 23:59 0.00       92  61         0   0    0.22   566 A  61 60
05-06-2021 23:59 0.00       85  58         0   0    0.26   592 A  61 60         70.0  27.0
05-07-2021 23:59 0.00       79  46         0   0    0.23   700    61 59         95.0  34.0
05-08-2021 23:59 0.00       83  50         0   0    0.25   692                  85.0  20.0
05-09-2021 23:59 0.00       81  50 A       0   0    0.25   679    60 58         99.0  25.0
05-10-2021 23:59 0.00       88  49         0   0    0.26   693    61 58         82.0  23.0
05-11-2021 23:59 0.00       91  46         0   0    0.25   710    61 59         99.0  19.0
05-12-2021 23:59 0.00       93  48         0   0    0.26   704    61 57         94.0  19.0
05-13-2021 23:59 0.00       90  49         0   0    0.25   684    62 56         94.0  22.0
05-14-2021 23:59 0.00       88  50         0   0    0.24   703    62 59         98.0  30.0
05-15-2021 23:59 0.00       77  47         0   0    0.22   696    62 58         92.0  37.0
05-16-2021 23:59 0.00       80  46         0   0    0.21   669    62 54        100.0  40.0
05-17-2021 23:59 0.00       81  52         0   0    0.23   690    62 60         91.0  40.0
05-18-2021 23:59 0.00       85  54 A       0   0    0.26   712                  97.0  20.0
05-19-2021 23:59 0.00       78  45         0   0    0.24   711                  73.0  27.0
05-20-2021 23:59 0.00       71  40         0   0    0.25   724    61 59         86.0  17.0
05-21-2021 23:59 0.00       73  43         0   0    0.21   609 A  60 57         91.0  21.0
05-22-2021 23:59 0.00       86  54 A       0   0    0.22   676    59 57         98.0  27.0
05-23-2021 23:59 0.00       80  41         0   0    0.23   715    60 58         99.0  25.0
05-24-2021 23:59 0.00       87  46         0   0    0.25   715                  99.0  25.0
05-25-2021 23:59 0.00       84  52         0   0    0.26   719    61 59         82.0  26.0
05-26-2021 23:59 0.00       86  45         0   0    0.26   733    61 56         97.0  21.0
05-27-2021 23:59 0.00       87  55 A       0   0    0.27   747    61 59         94.0  23.0
05-28-2021 23:59 0.00       88  53         0   0    0.26   717    62 59         93.0  32.0
05-29-2021 23:59 0.00       87  51         0   0    0.25   705    63 61         92.0  35.0
05-30-2021 23:59 0.00       90  51         0   0    0.25   711    63 57         97.0  34.0
05-31-2021 23:59 0.00       98  54         0   0    0.27   716    64 62         99.0  25.0
06-01-2021 23:59 0.00       99  58         0   0    0.28   707                  97.0  25.0
06-02-2021 23:59 0.00       90  57 A       0   0    0.27   660 A                95.0  27.0
06-03-2021 23:59 0.00       97  58         0   0    0.26   712    67 65         95.0  27.0
06-04-2021 23:59 0.00       88  56 A       0   0    0.27   723                  97.0  30.0
06-05-2021 23:59 0.00       93  54         0   0    0.27   653 A  67 63         97.0  25.0
06-06-2021 23:59 0.00       91  51         0   0    0.26   639 A  67 65        100.0  28.0
06-07-2021 23:59 0.00       87  48         0   0    0.24   688    66 65         94.0  26.0
06-08-2021 23:59 0.00       79  47         0   0    0.24   660 A  65 64         84.0  26.0
06-09-2021 23:59 0.00       78  50         0   0    0.23   677    64 63         77.0  28.0
06-10-2021 23:59 0.00       90  57 A       0   0    0.25   673 A  64 63         82.0  18.0
06-11-2021 23:59 0.00       84  45         0   0    0.26   733    64 62         83.0  17.0
06-12-2021 23:59 0.00       91  57         0   0    0.26   715    65 63         89.0  35.0
06-13-2021 23:59 0.00       92  63         0   0    0.27   713    67 65         82.0  35.0
06-14-2021 23:59 0.00       91  62         0   0    0.27   710    67 66         90.0  34.0
06-15-2021 23:59 0.00       89  58         0   0    0.28   733    67 66         73.0  22.0
06-16-2021 23:59 0.00       95  50         0   0    0.26   672    67 66         95.0  24.0
06-17-2021 23:59 0.00      102  51         0   0    0.27   712    68 65         99.0  24.0
06-18-2021 23:59 0.00      105  60         0   0    0.28   696    69 67         96.0  23.0
06-19-2021 23:59 0.00      104  59         0   0    0.28   710    70 68         98.0  26.0
06-20-2021 23:59 0.00      102  55         0   0    0.28   719    70 69         92.0  21.0
06-21-2021 23:59 0.00       99  56         0   0    0.27   720    70 69         90.0  29.0
06-22-2021 23:59 0.00       95  55         0   0    0.25   722    70 68         91.0  30.0
06-23-2021 23:59 0.00       95  58         0   0    0.26   677 A  70 61         85.0  30.0
06-24-2021 23:59 0.00       91  55         0   0    0.26   713                  93.0  34.0
06-25-2021 23:59 0.00       94  53         0   0    0.26   680 A  70 67         92.0  30.0
06-26-2021 23:59 0.00       99  59         0   0    0.27   705    71 69         89.0  31.0
06-27-2021 23:59 0.00      103  61         0   0    0.28   698    71 69         97.0  29.0
06-28-2021 23:59 0.00       95  60 A       0   0    0.28   707    72 68         89.0  27.0
06-29-2021 23:59 0.00      100  59         0   0    0.27   686    72 70         93.0  28.0
06-30-2021 23:59 0.00      100  61         0   0    0.26   673    73 70         95.0  32.0
07-01-2021 23:59 0.00       98  58         0   0    0.26   694    73 71         96.0  32.0
07-02-2021 23:59 0.00       99  59         0   0    0.26   706                  94.0  29.0
07-03-2021 23:59 0.00       98  62         0   0    0.23   612                  85.0  32.0
07-04-2021 23:59 0.00       98  58         0   0    0.26   710                  91.0  28.0
07-05-2021 23:59 0.00       97  53         0   0    0.26   710    73 71         95.0  29.0
07-06-2021 23:59 0.00       95  58         0   0    0.27   714    73 66         88.0  29.0
07-07-2021 23:59 0.00       97  61 A       0   0    0.27   710 A  74 72         91.0  24.0
07-08-2021 23:59 0.00      104  55         0   0    0.27   690    75 72         98.0  18.0
07-09-2021 23:59 0.00      106  64         0   0    0.29   676    76 73         96.0  18.0
07-10-2021 23:59 0.00      107  63         0   0    0.30   677    77 74         81.0  18.0
07-11-2021 23:59 0.00      107  65         0   0    0.30   677    78 75         75.0  14.0
07-12-2021 23:59 0.00      103  58         0   0    0.28   680    77 75         89.0  19.0
07-13-2021 23:59 0.00       99  61         0   0    0.26   692 A  77 75         82.0  25.0
07-14-2021 23:59 0.00       98  57         0   0    0.25   670    77 75         90.0  23.0
07-15-2021 23:59 0.00    A  99  63 A                       698 A
07-16-2021 23:59 0.00       95  52         0   0    0.25   699    77 74         95.0  24.0
07-17-2021 23:59 0.00      100  53         0   0    0.26   680    77 74         99.0  22.0
07-18-2021 23:59 0.00      102  58         0   0    0.25   620    78 75         97.0  22.0
07-19-2021 23:59 0.00      104  63         0   0    0.26   636    78 76         90.0  21.0
07-20-2021 23:59 0.00    A  96  62 A                       674 A
07-21-2021 23:59 0.00       98  53         0   0    0.27   690    78 64         95.0  20.0
07-22-2021 23:59 0.00    A  97  61 A                       679 A
07-23-2021 23:59 0.00    A  96  63 A                       643 A
07-24-2021 23:59 0.00    A  96  63 A                       683 A
07-25-2021 23:59 0.00    A  97  62 A                       685 A
07-26-2021 23:59 0.00    A  97  62 A                       684 A
07-27-2021 23:59 0.00    A  98  62 A                       668 A
07-28-2021 23:59 0.00    A  98  62 A                       667 A
07-29-2021 23:59 0.00    A  97  62 A                       658 A
07-30-2021 23:59 0.00    A  97  61 A                       657 A
07-31-2021 23:59 0.00    A  97  61 A                       649 A
08-01-2021 23:59 0.00    A  97  61 A                       658 A
08-02-2021 23:59 0.00    A  97  62 A                       661 A
08-03-2021 23:59 0.00    A  97  61 A                       660 A
08-04-2021 23:59 0.00    A  96  61 A                       662 A
08-05-2021 23:59 0.00    A  97  61 A                       652 A
08-06-2021 23:59 0.00    A  96  60 A                       650 A
08-07-2021 23:59 0.00       97  57         0   0    0.20   524    76 74         98.0  24.0
08-08-2021 23:59 0.00      100  55         0   0    0.23   603    76 74         98.0  23.0
08-09-2021 23:59 0.00       99  57         0   0    0.24   627    76 72         98.0  24.0
08-10-2021 23:59 0.00    A  97  61 A                       639 A
08-11-2021 23:59 0.00    A  96  61 A                       636 A
08-12-2021 23:59 0.00    A  96  61 A                       626 A
08-13-2021 23:59 0.00    A  96  61 A                       635 A
08-14-2021 23:59 0.00    A  96  61 A                       613 A
08-15-2021 23:59 0.00       98  63         0   0    0.21   527                  94.0  32.0
08-16-2021 23:59 0.00       99  63         0   0    0.19   491    76 67         97.0  33.0
08-17-2021 23:59 0.00       95  56         0   0    0.23   603                  98.0  28.0
08-18-2021 23:59 0.00       95  60 A       0   0    0.20   621 A  75 73         96.0  33.0
08-19-2021 23:59 0.00       94  59 A       0   0    0.15   426    74 72         96.0  35.0
08-20-2021 23:59 0.00       90  54         0   0    0.18   492    73 72         99.0  32.0
08-21-2021 23:59 0.00       86  55         0   0    0.20   549    73 71         97.0  39.0
08-22-2021 23:59 0.00       90  51         0   0    0.21   589    73 70         97.0  29.0
08-23-2021 23:59 0.00       92  55         0   0    0.22   581    73 71         89.0  30.0
08-24-2021 23:59 0.00       92  55         0   0    0.22   585    73 65         87.0  32.0
08-25-2021 23:59 0.00    A  95  59 A                       612 A
08-26-2021 23:59 0.00    A  95  59 A                       582 A
08-27-2021 23:59 0.00       96  49         0   0    0.19   509                  99.0  23.0
08-28-2021 23:59 0.00      102  53         0   0    0.21   557                  99.0  19.0
08-29-2021 23:59 0.00      103  54         0   0    0.23   570                  98.0  19.0
08-30-2021 23:59 0.00      106  54         0   0    0.24   582                  94.0  15.0
08-31-2021 23:59 0.00       99  52         0   0    0.23   584 A                96.0  16.0
09-01-2021 23:59 0.00       92  47         0   0    0.21   612                  98.0  16.0
09-02-2021 23:59 0.00       88  52         0   0    0.20   595    71 65         93.0  23.0
09-03-2021 23:59 0.00       92  49         0   0    0.20   576    70 68         96.0  20.0
09-04-2021 23:59 0.00       96  47         0   0    0.21   585    70 69        100.0  17.0
09-05-2021 23:59 0.00      100  49         0   0    0.22   588                  99.0  14.0
09-06-2021 23:59 0.00      103  51         0   0    0.22   567    70 69         97.0  14.0
09-07-2021 23:59 0.00      103  59         0   0    0.24   560    71 69         75.0  15.0
09-08-2021 23:59 0.00      103  56         0   0    0.22   542    71 70         83.0  18.0
09-09-2021 23:59 0.00      104  60         0   0    0.20   498    72 70         88.0  18.0
09-10-2021 23:59 0.00       95  70         0   0    0.23   525    72 71         54.0  23.0
09-11-2021 23:59 0.00       95  57         0   0    0.20   541    72 69         86.0  22.0
09-12-2021 23:59 0.00       98  52         0   0    0.20   557    72 70         97.0  19.0
09-13-2021 23:59 0.00       98  50         0   0    0.20   554    71 69         97.0  18.0
09-14-2021 23:59 0.00    A  91  56 A                       522 A
09-15-2021 23:59 0.00       95  53         0   0    0.19   491                  88.0  18.0
09-16-2021 23:59 0.00       90  52         0   0    0.18   523    70 69         90.0  23.0
09-17-2021 23:59 0.00       91  50         0   0    0.17   520    69 68         97.0  29.0
09-18-2021 23:59 0.00       85  52         0   0    0.18   513    69 68         93.0  30.0
09-19-2021 23:59 0.00       83  53         0   0    0.19   515    69 68         92.0  31.0
09-20-2021 23:59 0.00       88  47         0   0    0.17   520    69 67         99.0  24.0
09-21-2021 23:59 0.00       96  50         0   0    0.15   436    69 67         99.0  21.0
09-22-2021 23:59 0.00       99  51         0   0    0.19   475    69 67         97.0  18.0
09-23-2021 23:59 0.00       95  52         0   0    0.19   491    69 67         96.0  24.0
09-24-2021 23:59 0.00       97  54         0   0    0.15   433    69 67         94.0  20.0
09-25-2021 23:59 0.00       95  52         0   0    0.16   442                  97.0  23.0
09-26-2021 23:59 0.01    A  88  54 A                       464 A
09-27-2021 23:59 0.00       86  49         0   0    0.16   472    68 67         97.0  31.0
09-28-2021 23:59 0.00       80  49         0   0    0.18   452    68 67         85.0  20.0
09-29-2021 23:59 0.00       83  41         0   0    0.16   488    67 65         96.0  21.0
09-30-2021 23:59 0.01    A  87  53 A                       446 A
10-01-2021 23:59 0.00       92  45         0   0    0.16   468    66 64         97.0  15.0
10-02-2021 23:59 0.00       92  46         0   0    0.13   396    66 64         97.0  16.0
10-03-2021 23:59 0.00       86  45         0   0    0.09   295    66 63         96.0  24.0
10-04-2021 23:59 0.00       88  44         0   0    0.11   331    65 64         98.0  22.0
10-05-2021 23:59 0.00       90  48         0   0    0.15   398    66 64         92.0  16.0
10-06-2021 23:59 0.00       82  57         0   0    0.09   224    66 64         77.0  33.0
10-07-2021 23:59 0.00       81  51         0   0    0.14   360    66 64         65.0  23.0
10-08-2021 23:59 0.04       73  51         0   0    0.13   436    65 64         93.0  25.0
10-09-2021 23:59 0.00       76  40         0   0    0.13   444    65 63         98.0  29.0
10-10-2021 23:59 0.00       80  39         0   0    0.13   442    63 62         99.0  25.0
10-11-2021 23:59 0.00       70  44                  0.19   394    63 61         93.0  17.0
10-12-2021 23:59 0.00       70  39                  0.16   446    62 61         76.0  15.0
10-13-2021 23:59 0.00       74  34                  0.13   418    61 59         85.0  12.0
10-14-2021 23:59 0.00       74  36                  0.13   424    61 59         98.0  24.0
10-15-2021 23:59 0.00       82  39                  0.13   423    62 59         89.0  18.0
10-16-2021 23:59 0.00       85  40                  0.13   409    62 59         92.0  16.0
10-17-2021 23:59 0.00       82  42                  0.15   361    62 60         90.0  15.0
10-18-2021 23:59 0.00       65  41                  0.10   359 A  62 60         97.0  38.0
10-19-2021 23:59 0.00       81  48 A                0.11   375    61 59         98.0  30.0
10-20-2021 23:59 0.00       75  54         0   0    0.08   193    61 60         69.0  23.0
10-21-2021 23:59 0.00       84  54         0   0    0.10   305    63 61         93.0  22.0
10-22-2021 23:59 0.19       62  49         0   0    0.01   348 A  63 62         97.0  83.0
10-23-2021 23:59 0.00       69  55                  0.09   316    63 61         89.0  46.0
10-24-2021 23:59 0.06    A  70  56         0   0    0.08    57    63 62         83.0  50.0
10-25-2021 23:59 0.03    A  67  48         0   0    0.04   332 A  63 62         99.0  61.0
10-26-2021 23:59 0.01       67  43         0   0    0.10   362    62 60        100.0  44.0
10-27-2021 23:59 0.00       70  44         0   0    0.08   301    62 59        100.0  56.0
10-28-2021 23:59 0.01       75  47         0   0    0.09   350    62 60        100.0  56.0
10-29-2021 23:59 0.01       78  49         0   0    0.09   339    63 60        100.0  54.0
10-30-2021 23:59 0.00       77  51         0   0    0.08   283    63 61        100.0  50.0
10-31-2021 23:59 0.00       70  53         0   0    0.08   293    63 61         99.0  54.0
11-01-2021 23:59 0.00       69  54         0   0    0.03   135    63 62         99.0  62.0
11-02-2021 23:59 0.00       75  53         0   0    0.10   305 A  64 62         99.0  49.0
11-03-2021 23:59 0.01       75  49         0   0    0.08   306    64 62        100.0  55.0
11-04-2021 23:59 0.01       71  45         0   0    0.08   268    63 61        100.0  57.0
11-05-2021 23:59 0.01       72  41         0   0    0.09   329    62 60        100.0  47.0
11-06-2021 23:59 0.00       70  44         0   0    0.09   295    61 60        100.0  47.0
11-07-2021 23:59 0.00       65  38         0   0    0.09   277    61 60         97.0  43.0
11-08-2021 23:59 0.07       66  37         0   0    0.08   291    60 58        100.0  43.0
11-09-2021 23:59 0.30       65  48                  0.04   130    60 59        100.0  71.0
11-10-2021 23:59 0.01       66  45         0   0    0.04   185    60 58        100.0  71.0
11-11-2021 23:59 0.01       66  48         0   0    0.04   245 A  61 59        100.0  70.0
11-12-2021 23:59 0.01       68  43                  0.07   264    60 58        100.0  70.0
11-13-2021 23:59 0.01       58  54         0   0    0.00    65    60 59        100.0  99.0
11-14-2021 23:59 0.01       59  54         0   0    0.01    79    61 60        100.0  94.0
11-15-2021 23:59 0.01       60  49         0   0    0.01   101    61 60        100.0  87.0
11-16-2021 23:59 0.00       57  51                  0.00    47    60 60        100.0  88.0
11-17-2021 23:59 0.00       64  42         0   0    0.03   220 A  60 59        100.0  66.0
11-18-2021 23:59 0.02       64  40         0   0    0.04   186    59 58        100.0  70.0
11-19-2021 23:59 0.00       69  50         0   0    0.06   240    60 59        100.0  33.0
11-20-2021 23:59 0.00       63  41         0   0    0.03   228 A  60 59        100.0  68.0
11-21-2021 23:59 0.01       68  36         0   0    0.06   270    59 57        100.0  58.0
11-22-2021 23:59 0.00       66  37         0   0    0.06   230 A  58 56
11-23-2021 23:59 0.01       64  32         0   0    0.07   275    57 55         99.0  51.0
11-24-2021 23:59 0.01       58  31         0   0    0.03   200 A  56 55         99.0  64.0
11-25-2021 23:59 0.01       66  32                  0.06   273    55 53        100.0  49.0
11-26-2021 23:59 0.00       66  32                  0.06   268    55 53         99.0  43.0
11-27-2021 23:59 0.00       68  33         0   0    0.06   269    55 53         99.0  43.0
11-28-2021 23:59 0.00       70  32         0   0    0.07   274    55 53         99.0  41.0
11-29-2021 23:59 0.01       69  33         0   0    0.07   268    55 52        100.0  44.0
11-30-2021 23:59 0.00       71  35         0   0    0.06   257    55 53         99.0  47.0
12-01-2021 23:59 0.00       73  34                  0.07   260    55 53         99.0  42.0
12-02-2021 23:59 0.00       70  33         0   0    0.06   243    54 52         99.0  42.0
12-03-2021 23:59 0.01       67  35         0   0    0.06   192 A  54 53        100.0  53.0
12-04-2021 23:59 0.01       53  44         0   0    0.01    73    54 53        100.0  84.0
12-05-2021 23:59 0.01       50  46                  0.00    44    54 54         99.0  84.0
12-06-2021 23:59 0.00       48  45         0   0    0.00    33    54 54         97.0  92.0
12-07-2021 23:59 0.00       52  37         0   0    0.00    56    54 54        100.0  81.0
12-08-2021 23:59 0.00       61  35         0   0    0.04   180 A  54 53        100.0  63.0
12-09-2021 23:59 0.46       55  34         0   0    0.02    97    55 54        100.0  73.0
12-10-2021 23:59 0.01       55  30         0   0    0.04   205    54 52        100.0  62.0
12-11-2021 23:59 0.00       57  28         0   0    0.05   230    52 50        100.0  56.0
12-12-2021 23:59 0.07    A  57  31         0   0    0.04   139    52 50        100.0  53.0
12-13-2021 23:59 0.07    A  55  49         0   0    0.03    40    52 52         91.0  58.0
12-14-2021 23:59 0.45       52  30         0   0    0.01    85    52 51         99.0  64.0
12-15-2021 23:59 0.01       52  30         0   0    0.06   229    51 49        100.0  62.0
12-16-2021 23:59 0.00       53  41         0   0    0.03   188    51 50         97.0  60.0
12-17-2021 23:59 0.01       50  41         0   0    0.02   159 A  51 50        100.0  80.0
12-18-2021 23:59 0.00       50  32         0   0    0.02   118    52 51         99.0  71.0
12-19-2021 23:59 0.00       47  27         0   0    0.02   137    51 49        100.0  83.0
12-20-2021 23:59 0.01       42  37         0   0    0.00    41    50 49        100.0  88.0
12-21-2021 23:59 0.00       48  35         0   0    0.02   146    50 49         99.0  74.0
12-22-2021 23:59 0.13       55  39         0   0    0.01    80    51 49         97.0  71.0
12-23-2021 23:59 0.49       58  47         0   0    0.01    44    53 51         99.0  84.0
12-24-2021 23:59 0.01       58  35         0   0    0.03   140 A  53 52         99.0  62.0
12-25-2021 23:59 0.46       53  34         0   0    0.02    75    52 50         99.0  69.0
12-26-2021 23:59 0.01       53  34         0   0    0.04   180    51 49        100.0  54.0
12-27-2021 23:59 0.62       48  36         0   0    0.01    80    50 49        100.0  82.0
12-28-2021 23:59 0.02       50  32         0   0    0.03   168 A  49 48        100.0  64.0
12-29-2021 23:59 0.23       52  36         0   0    0.02   117    49 48        100.0  76.0
12-30-2021 23:59 0.00       55  33         0   0    0.04   159 A  50 48        100.0  67.0
12-31-2021 23:59 0.00       50  33         0   0    0.03   137    49 48        100.0  74.0
